5624
2111
3709
4675
231
1681
1942
991
16
3790
1146
3653
5080
1523
4723
4026
2089
613
1881
743
1072
1468
1025
2057
4893
4550
3733
473
1
2193
11
3676
582
4617
3147
3761
5836
5615
4767
3840
5014
4835
3954
1326
5540
1244
2553
4817
4548
3901
1035
1282
3880
4025
1907
4793
1082
5509
1394
3750
810
698
1594
2190
3529
4586
3638
1401
1295
5026
869
72
483
2554
6058
3594
1138
932
3569
1877
5692
3092
17
1007
5728
1019
1245
5767
2532
1968
1318
4773
5702
5712
4607
626
2526
5909
5858
3692
4708
5084
1429
4
3591
5588
3129
5093
1036
3909
1248
3814
4933
1221
10
488
148
90
5907
1391
910
4011
1639
215
1092
347
5129
1250
3249
5686
1605
5514
798
1503
929
4796
4021
5714
339
3588
641
5606
2026
5687
4634
5133
2086
5616
33
5984
918
3636
712
750
3839
883
4815
975
13
4712
2545
1936
50
5968
1569
3574
1730
1212
3732
5607
717
1682
5105
3
4745
3817
5594
3512
1514
4643
5011
2606
1900
2135
1412
5042
5731
4017
3898
1140
751
3707
1976
2052
3106
3650
271
729
108
570
